1
4
2
0 0 1 1
0 1 2 3
1000
0 183 17 34 161 
0 74 162 197 138 
0 136 48 40 55 
0 33 73 112 159 
0 90 115 10 47 
0 98 104 54 13 
0 3 40 151 179 
0 129 19 26 141 
0 55 86 151 189 
0 2 18 65 148 
0 141 167 155 126 
0 139 77 191 58 
0 23 80 181 27 
0 148 4 87 138 
0 187 104 178 92 
0 59 98 120 171 
0 171 98 89 21 
0 84 90 102 73 
0 67 24 180 98 
0 55 84 89 193 
0 159 172 51 59 
0 38 198 127 181 
0 52 38 71 187 
0 23 43 196 8 
0 123 116 45 137 
0 82 0 184 57 
0 95 27 103 98 
0 84 56 91 62 
0 163 163 85 55 
0 47 65 75 192 
0 13 41 131 65 
0 142 160 9 43 
0 92 118 25 21 
0 81 121 175 161 
0 86 119 158 135 
0 30 17 98 26 
0 116 10 150 18 
0 93 165 163 77 
0 138 77 151 144 
0 106 55 155 147 
0 31 196 3 90 
0 183 180 60 59 
0 163 69 198 183 
0 62 151 111 176 
0 74 197 107 128 
0 56 168 19 18 
0 100 92 49 111 
0 49 170 168 197 
0 138 43 131 82 
0 90 100 69 68 
0 140 175 41 190 
0 160 115 167 118 
0 180 55 193 88 
0 162 78 160 133 
0 66 25 156 23 
0 29 105 138 114 
0 135 164 128 64 
0 103 102 125 185 
0 197 136 173 27 
0 123 73 195 79 
0 98 85 104 168 
0 49 48 168 25 
0 6 106 122 120 
0 115 35 135 14 
0 39 52 196 12 
0 140 138 84 64 
0 36 198 155 56 
0 129 144 185 120 
0 135 182 141 6 
0 75 90 109 153 
0 183 123 104 33 
0 69 98 59 173 
0 110 180 61 129 
0 114 74 141 42 
0 109 188 79 82 
0 141 145 95 144 
0 182 23 52 52 
0 2 69 21 14 
0 152 75 133 117 
0 161 174 25 197 
0 130 79 191 121 
0 101 15 108 101 
0 151 193 159 39 
0 156 163 92 71 
0 6 32 43 80 
0 199 164 183 10 
0 11 21 45 80 
0 70 11 4 16 
0 137 154 103 182 
0 147 132 148 28 
0 158 30 145 148 
0 183 180 2 27 
0 107 2 41 43 
0 13 12 164 37 
0 70 7 137 167 
0 153 0 88 107 
0 60 193 179 187 
0 17 73 25 109 
0 135 95 168 111 
0 179 1 194 22 
0 39 190 156 115 
0 74 179 32 162 
0 90 60 0 83 
0 179 119 16 112 
0 101 119 114 124 
0 110 181 65 74 
0 133 161 1 88 
0 168 86 33 193 
0 44 68 76 146 
0 114 123 125 66 
0 102 122 36 53 
0 70 128 116 51 
0 54 138 39 51 
0 105 61 75 6 
0 172 179 109 33 
0 103 181 58 40 
0 147 61 189 105 
0 198 170 43 76 
0 183 52 164 143 
0 120 43 170 138 
0 30 79 93 176 
0 174 130 92 136 
0 154 172 146 146 
0 11 0 188 62 
0 152 174 133 134 
0 73 134 24 180 
0 31 59 125 108 
0 168 168 74 46 
0 91 107 66 130 
0 106 12 113 133 
0 189 116 151 167 
0 120 117 146 138 
0 9 126 133 110 
0 56 118 50 55 
0 189 24 71 124 
0 196 153 21 60 
0 161 145 4 91 
0 146 183 74 89 
0 31 101 88 95 
0 100 174 95 173 
0 91 188 2 103 
0 158 93 105 175 
0 95 104 24 77 
0 103 136 127 86 
0 156 70 110 142 
0 40 136 30 35 
0 10 149 42 156 
0 173 117 36 145 
0 12 27 169 69 
0 17 30 178 149 
0 63 197 86 39 
0 60 177 64 35 
0 188 190 106 60 
0 169 152 63 92 
0 53 133 109 44 
0 22 157 44 119 
0 16 104 23 123 
0 178 144 191 89 
0 179 171 197 40 
0 28 113 112 94 
0 159 179 46 190 
0 140 41 16 124 
0 78 37 100 191 
0 177 72 103 41 
0 66 64 172 96 
0 139 148 186 198 
0 103 172 135 81 
0 26 60 68 138 
0 86 149 46 90 
0 7 84 182 11 
0 166 15 92 199 
0 35 161 141 101 
0 46 178 146 100 
0 185 193 180 164 
0 193 60 100 119 
0 154 17 38 23 
0 142 18 132 77 
0 26 177 33 134 
0 113 39 77 94 
0 167 110 136 118 
0 133 148 149 75 
0 182 108 166 106 
0 56 191 161 89 
0 168 138 27 44 
0 14 46 79 80 
0 198 19 83 16 
0 88 31 79 126 
0 122 27 87 162 
0 64 147 117 188 
0 59 61 159 174 
0 29 127 47 59 
0 51 144 98 67 
0 175 146 81 148 
0 126 114 169 196 
0 100 98 88 189 
0 155 165 145 77 
0 135 52 3 107 
0 7 170 106 63 
0 137 38 3 68 
0 55 12 173 160 
0 172 95 39 36 
0 159 173 33 172 
0 164 40 9 26 
0 114 173 196 163 
0 97 55 22 69 
0 105 140 66 58 
0 187 124 34 65 
0 18 190 8 175 
0 41 170 166 190 
0 50 176 38 19 
0 80 2 69 9 
0 171 168 90 176 
0 199 90 81 11 
0 196 86 126 143 
0 170 29 50 83 
0 47 103 160 31 
0 164 8 189 23 
0 85 90 178 44 
0 44 57 155 68 
0 26 94 36 92 
0 168 3 15 187 
0 131 91 185 123 
0 57 185 88 101 
0 52 144 158 162 
0 32 95 87 46 
0 118 167 180 17 
0 119 174 22 79 
0 104 186 164 56 
0 45 171 20 150 
0 38 67 33 69 
0 32 51 199 63 
0 117 122 30 120 
0 39 61 133 121 
0 180 63 143 9 
0 141 74 0 151 
0 178 145 198 52 
0 154 58 103 57 
0 121 156 81 101 
0 126 114 180 123 
0 169 170 63 83 
0 114 21 176 136 
0 76 73 27 92 
0 93 196 83 36 
0 187 198 78 39 
0 21 186 69 65 
0 49 198 180 181 
0 22 52 64 43 
0 35 60 39 110 
0 162 77 167 135 
0 46 15 185 182 
0 181 199 164 53 
0 90 191 86 68 
0 172 170 72 119 
0 40 58 45 103 
0 162 32 58 192 
0 15 47 156 40 
0 42 86 164 65 
0 125 113 74 180 
0 76 35 186 143 
0 35 103 50 114 
0 90 78 159 71 
0 23 145 90 49 
0 143 128 123 41 
0 116 156 140 169 
0 129 95 3 112 
0 66 33 36 97 
0 13 93 99 97 
0 104 88 3 190 
0 138 80 191 80 
0 130 152 43 18 
0 112 182 124 110 
0 111 121 37 175 
0 172 145 31 22 
0 87 96 107 98 
0 66 152 103 14 
0 94 57 96 92 
0 19 11 47 149 
0 121 78 21 195 
0 178 156 194 161 
0 191 20 32 141 
0 176 82 84 102 
0 71 33 36 8 
0 141 8 37 10 
0 99 43 145 79 
0 120 82 105 1 
0 184 2 61 28 
0 105 2 88 164 
0 165 144 51 17 
0 137 109 170 105 
0 22 86 55 33 
0 169 29 172 142 
0 8 133 162 141 
0 81 110 107 28 
0 163 102 130 3 
0 46 82 189 3 
0 188 139 135 26 
0 156 13 71 103 
0 28 122 167 56 
0 53 22 182 89 
0 49 175 194 134 
0 90 140 47 46 
0 91 154 150 8 
0 66 53 151 139 
0 71 90 55 98 
0 136 58 41 104 
0 48 54 35 180 
0 66 190 192 43 
0 104 42 182 177 
0 108 69 169 174 
0 51 195 134 55 
0 47 175 108 11 
0 172 178 197 99 
0 92 1 164 91 
0 199 199 158 49 
0 55 102 69 151 
0 102 193 58 153 
0 27 161 157 137 
0 93 19 30 138 
0 152 171 114 82 
0 87 60 104 112 
0 188 147 125 151 
0 70 116 119 61 
0 27 144 180 24 
0 15 25 94 65 
0 166 53 139 50 
0 159 115 112 66 
0 37 98 66 41 
0 115 5 115 129 
0 182 4 184 22 
0 60 139 105 19 
0 45 187 163 127 
0 173 52 168 102 
0 136 150 58 144 
0 24 119 56 10 
0 177 78 93 84 
0 186 149 68 162 
0 68 39 158 22 
0 19 175 71 35 
0 76 107 64 183 
0 111 118 133 90 
0 103 28 178 78 
0 19 142 193 193 
0 78 138 141 97 
0 104 52 195 176 
0 51 94 117 38 
0 136 184 104 12 
0 78 159 82 197 
0 67 178 124 17 
0 167 183 184 60 
0 64 42 119 156 
0 146 59 21 131 
0 1 142 48 173 
0 71 127 196 154 
0 145 76 37 184 
0 128 102 81 190 
0 57 28 134 26 
0 131 88 144 63 
0 28 118 76 24 
0 11 139 94 146 
0 163 24 125 160 
0 195 85 71 44 
0 108 68 193 176 
0 20 162 188 16 
0 142 87 154 185 
0 80 189 99 23 
0 35 13 164 127 
0 58 80 153 133 
0 175 43 1 15 
0 57 182 68 82 
0 117 121 151 65 
0 181 73 15 92 
0 87 184 146 102 
0 134 157 86 104 
0 37 88 94 89 
0 109 34 89 58 
0 15 105 134 153 
0 191 64 49 194 
0 141 143 60 126 
0 2 154 148 111 
0 184 37 83 62 
0 90 159 94 86 
0 11 38 35 174 
0 18 54 1 139 
0 81 52 58 4 
0 75 131 48 69 
0 146 42 175 125 
0 164 67 173 111 
0 33 188 172 39 
0 169 40 148 47 
0 16 90 187 37 
0 91 79 125 38 
0 90 73 73 128 
0 144 176 44 186 
0 83 56 43 166 
0 62 116 117 132 
0 115 98 143 178 
0 157 15 50 40 
0 127 20 57 191 
0 131 52 84 94 
0 128 30 142 17 
0 98 4 187 44 
0 120 177 29 54 
0 141 4 187 115 
0 30 72 183 90 
0 20 38 129 149 
0 77 27 175 100 
0 166 97 78 63 
0 121 181 113 194 
0 102 121 79 53 
0 88 193 79 85 
0 25 174 116 160 
0 150 31 101 115 
0 199 36 185 27 
0 91 110 96 103 
0 64 131 168 79 
0 132 18 44 81 
0 143 78 159 77 
0 172 67 2 29 
0 21 153 188 161 
0 170 92 99 54 
0 105 78 17 92 
0 39 77 95 198 
0 31 8 85 149 
0 37 26 172 97 
0 153 180 149 56 
0 181 131 176 164 
0 157 8 169 152 
0 137 115 184 112 
0 150 158 40 96 
0 137 177 149 103 
0 148 144 191 75 
0 41 68 188 132 
0 94 135 41 20 
0 119 171 90 22 
0 93 55 86 182 
0 146 19 149 1 
0 193 175 56 11 
0 190 148 189 4 
0 61 32 170 86 
0 49 5 101 24 
0 37 186 147 109 
0 197 199 65 19 
0 152 85 62 77 
0 39 166 129 63 
0 12 159 91 104 
0 53 95 112 7 
0 197 64 106 128 
0 145 179 170 14 
0 133 116 160 189 
0 94 155 105 135 
0 167 22 78 184 
0 0 93 130 49 
0 138 31 197 148 
0 144 114 170 198 
0 67 129 7 191 
0 12 161 132 98 
0 4 4 191 184 
0 127 31 31 183 
0 1 152 18 139 
0 174 45 127 39 
0 188 179 196 178 
0 72 4 36 199 
0 14 114 54 11 
0 40 171 107 174 
0 65 163 94 82 
0 8 138 136 115 
0 24 144 36 164 
0 157 150 89 95 
0 14 47 198 171 
0 17 95 78 6 
0 181 84 160 148 
0 141 108 60 46 
0 149 125 42 61 
0 102 190 34 191 
0 195 161 188 147 
0 189 119 150 138 
0 91 177 111 91 
0 73 17 165 197 
0 63 196 131 23 
0 88 43 68 148 
0 196 45 60 48 
0 111 60 160 153 
0 63 13 141 86 
0 183 2 118 123 
0 67 2 192 181 
0 76 122 41 105 
0 101 10 127 109 
0 173 151 169 162 
0 76 174 72 194 
0 137 196 125 75 
0 46 29 151 86 
0 182 191 69 81 
0 178 175 57 92 
0 45 122 182 58 
0 149 120 17 161 
0 120 123 156 83 
0 71 67 145 162 
0 189 195 120 93 
0 46 134 54 183 
0 8 62 115 28 
0 198 8 61 70 
0 120 118 46 28 
0 47 154 197 50 
0 14 100 167 130 
0 37 22 53 114 
0 21 111 54 58 
0 151 119 173 91 
0 92 136 87 142 
0 134 133 6 177 
0 140 30 3 25 
0 187 96 8 48 
0 165 163 32 59 
0 11 57 35 60 
0 89 193 132 97 
0 35 191 49 29 
0 177 17 91 102 
0 160 185 52 180 
0 88 152 20 71 
0 91 12 169 132 
0 166 51 14 83 
0 9 30 116 101 
0 40 8 27 132 
0 51 175 49 8 
0 41 82 11 7 
0 144 110 9 188 
0 165 73 7 3 
0 61 158 22 187 
0 50 30 75 14 
0 161 180 139 115 
0 28 108 149 12 
0 20 182 90 146 
0 72 0 119 87 
0 78 110 69 116 
0 119 75 52 68 
0 86 132 18 4 
0 97 172 123 15 
0 29 180 26 112 
0 89 143 10 102 
0 196 105 138 13 
0 95 2 71 9 
0 143 7 17 3 
0 122 194 133 177 
0 50 9 161 140 
0 64 5 5 171 
0 109 13 183 49 
0 35 180 155 77 
0 70 49 139 6 
0 109 104 104 195 
0 183 173 99 192 
0 114 158 62 75 
0 161 69 156 121 
0 73 0 148 67 
0 35 197 94 145 
0 1 24 28 101 
0 195 53 149 3 
0 5 156 114 52 
0 74 127 198 21 
0 42 152 90 87 
0 16 39 45 33 
0 92 168 3 21 
0 6 31 5 9 
0 184 11 48 192 
0 29 41 197 155 
0 59 67 131 164 
0 163 194 183 72 
0 170 9 32 174 
0 120 43 52 60 
0 130 81 170 93 
0 17 46 45 63 
0 56 170 35 198 
0 23 78 80 66 
0 178 159 184 166 
0 135 196 181 124 
0 154 25 48 152 
0 148 137 39 151 
0 93 76 165 179 
0 37 159 37 1 
0 135 108 115 181 
0 60 150 41 180 
0 175 122 43 29 
0 109 184 138 166 
0 82 99 173 146 
0 104 132 37 21 
0 175 47 165 26 
0 192 127 116 125 
0 65 24 57 95 
0 117 112 137 39 
0 93 80 157 40 
0 137 116 33 175 
0 154 8 183 145 
0 140 159 145 69 
0 79 119 115 55 
0 139 144 38 94 
0 163 195 156 14 
0 65 157 148 55 
0 182 24 23 150 
0 168 133 51 83 
0 178 83 9 102 
0 132 101 62 90 
0 94 176 60 14 
0 141 51 7 139 
0 148 106 27 122 
0 79 160 91 24 
0 62 177 42 126 
0 115 88 104 75 
0 38 45 115 94 
0 66 169 146 194 
0 160 5 166 179 
0 115 159 191 53 
0 137 186 102 86 
0 178 191 163 87 
0 77 12 25 82 
0 105 28 106 90 
0 169 124 82 130 
0 185 9 89 37 
0 66 42 151 99 
0 157 116 160 64 
0 193 135 198 91 
0 6 56 106 53 
0 114 5 68 107 
0 56 155 126 134 
0 112 184 158 177 
0 91 139 149 160 
0 47 24 129 197 
0 138 174 60 185 
0 120 124 93 185 
0 36 192 149 189 
0 174 163 180 45 
0 75 160 33 83 
0 187 4 140 28 
0 171 56 43 79 
0 71 10 101 82 
0 11 118 196 137 
0 145 149 144 6 
0 91 43 99 149 
0 107 172 167 53 
0 141 196 14 101 
0 172 67 72 65 
0 115 127 71 48 
0 60 193 40 91 
0 155 181 136 47 
0 58 111 189 191 
0 163 7 94 168 
0 23 45 115 62 
0 26 48 94 163 
0 122 168 142 108 
0 163 181 92 10 
0 5 29 133 63 
0 176 24 46 199 
0 88 87 69 86 
0 143 122 95 109 
0 187 181 149 137 
0 122 155 28 196 
0 92 99 188 0 
0 18 129 168 118 
0 70 12 126 85 
0 25 26 172 1 
0 110 25 89 69 
0 172 6 149 29 
0 22 36 130 117 
0 15 143 48 3 
0 54 126 188 27 
0 162 55 197 69 
0 13 104 52 178 
0 151 138 116 163 
0 55 130 133 60 
0 96 52 61 55 
0 182 157 86 105 
0 98 158 54 37 
0 60 153 39 84 
0 181 141 136 16 
0 104 75 12 117 
0 114 115 85 68 
0 196 13 114 7 
0 145 0 61 179 
0 63 35 169 77 
0 6 173 105 5 
0 1 191 128 117 
0 182 170 14 193 
0 0 147 61 83 
0 144 49 17 22 
0 83 80 182 115 
0 45 49 22 83 
0 72 7 101 133 
0 167 157 51 28 
0 40 21 67 170 
0 18 77 133 50 
0 92 152 96 9 
0 116 33 183 116 
0 33 159 66 146 
0 7 63 42 46 
0 185 194 197 6 
0 41 4 111 48 
0 69 141 68 160 
0 92 22 10 92 
0 57 196 20 140 
0 118 54 136 51 
0 98 183 83 99 
0 174 65 186 115 
0 114 131 65 189 
0 7 132 91 193 
0 183 191 5 34 
0 188 54 30 187 
0 119 21 160 195 
0 2 152 54 104 
0 188 105 59 107 
0 47 158 16 134 
0 34 122 128 139 
0 180 170 102 21 
0 178 8 101 44 
0 74 39 141 46 
0 147 70 92 129 
0 17 193 100 158 
0 50 168 172 36 
0 141 13 149 8 
0 95 75 94 194 
0 197 36 128 6 
0 14 128 155 181 
0 161 64 179 64 
0 126 30 178 32 
0 80 5 139 152 
0 189 71 181 66 
0 121 36 111 25 
0 68 50 46 91 
0 112 83 163 48 
0 144 182 180 185 
0 72 8 27 53 
0 181 172 79 37 
0 41 5 177 134 
0 21 24 91 156 
0 18 155 92 158 
0 127 57 178 138 
0 48 109 167 47 
0 190 33 41 19 
0 129 64 78 9 
0 61 31 19 42 
0 196 150 118 61 
0 123 66 121 116 
0 34 190 22 195 
0 27 47 114 199 
0 90 142 78 198 
0 79 27 171 151 
0 123 22 58 131 
0 70 68 116 33 
0 56 111 129 67 
0 21 71 70 140 
0 38 170 113 19 
0 70 128 133 24 
0 127 7 160 102 
0 35 23 154 46 
0 12 130 45 190 
0 187 152 73 134 
0 75 136 107 27 
0 149 157 142 163 
0 61 51 3 79 
0 12 2 168 76 
0 47 128 136 159 
0 47 72 65 47 
0 36 101 49 61 
0 28 169 180 191 
0 164 78 115 199 
0 177 51 133 41 
0 113 166 7 6 
0 176 199 182 163 
0 86 46 67 4 
0 37 94 135 87 
0 113 90 182 122 
0 183 39 171 24 
0 26 168 94 43 
0 189 33 135 84 
0 74 164 25 131 
0 156 59 175 21 
0 26 73 55 145 
0 105 168 4 154 
0 29 60 124 112 
0 167 94 166 95 
0 102 65 185 82 
0 173 82 131 113 
0 148 124 198 159 
0 20 54 139 192 
0 140 130 158 21 
0 118 73 91 67 
0 108 62 66 158 
0 77 161 23 28 
0 157 42 30 28 
0 168 168 33 54 
0 44 128 90 14 
0 47 55 54 36 
0 28 40 24 193 
0 88 77 173 26 
0 90 90 196 136 
0 169 23 129 73 
0 31 100 0 193 
0 55 56 66 64 
0 107 49 151 174 
0 121 139 156 123 
0 150 33 177 169 
0 137 190 97 140 
0 99 97 115 104 
0 150 60 162 159 
0 79 10 114 25 
0 92 115 46 92 
0 195 28 116 15 
0 110 143 186 80 
0 91 191 105 151 
0 169 146 158 145 
0 109 152 64 166 
0 86 126 67 151 
0 13 52 162 175 
0 167 93 67 41 
0 123 151 31 151 
0 180 177 85 76 
0 148 36 197 140 
0 115 191 42 172 
0 75 109 33 15 
0 170 92 91 189 
0 172 72 162 115 
0 143 113 92 10 
0 129 142 3 144 
0 133 42 124 19 
0 163 38 127 113 
0 89 120 156 162 
0 33 174 3 103 
0 47 146 189 4 
0 34 52 159 19 
0 63 42 195 56 
0 115 161 130 112 
0 12 38 98 142 
0 62 6 45 121 
0 2 46 121 52 
0 110 99 149 45 
0 37 123 48 179 
0 44 193 21 0 
0 45 4 197 79 
0 97 166 6 9 
0 173 11 59 154 
0 109 153 107 2 
0 2 72 103 88 
0 59 103 174 68 
0 187 181 55 161 
0 128 39 158 77 
0 107 86 140 152 
0 127 23 79 5 
0 136 155 41 85 
0 64 192 126 69 
0 87 174 136 66 
0 33 153 184 23 
0 114 112 193 89 
0 178 116 174 55 
0 178 78 2 4 
0 29 71 8 39 
0 3 53 76 155 
0 4 70 103 102 
0 92 6 28 79 
0 128 91 166 124 
0 82 58 97 164 
0 118 92 168 87 
0 36 157 159 122 
0 139 152 155 37 
0 162 24 117 124 
0 38 60 173 169 
0 151 184 101 182 
0 71 152 140 79 
0 6 37 197 122 
0 174 138 66 11 
0 137 179 113 10 
0 37 144 73 174 
0 196 154 178 127 
0 176 81 158 140 
0 189 118 1 113 
0 47 160 130 166 
0 3 193 109 118 
0 141 122 192 79 
0 19 75 148 3 
0 124 93 153 45 
0 159 46 122 85 
0 137 18 199 130 
0 68 180 132 75 
0 144 38 40 163 
0 92 36 127 162 
0 40 164 181 48 
0 45 164 180 79 
0 69 60 197 99 
0 8 103 26 118 
0 122 93 95 5 
0 22 152 32 34 
0 33 63 95 51 
0 172 100 163 191 
0 79 11 196 9 
0 66 69 135 118 
0 15 159 164 67 
0 49 50 90 16 
0 35 59 136 142 
0 148 94 154 39 
0 52 129 88 71 
0 46 140 121 27 
0 66 129 80 123 
0 26 19 47 108 
0 94 182 186 136 
0 66 0 130 99 
0 178 49 37 44 
0 196 68 97 144 
0 174 46 88 53 
0 131 80 8 36 
0 138 134 162 111 
0 77 163 147 93 
0 125 150 191 174 
0 120 132 167 180 
0 156 48 81 39 
0 85 80 112 135 
0 52 3 151 54 
0 111 115 52 117 
0 155 81 29 76 
0 157 124 40 162 
0 119 21 190 11 
0 9 126 155 88 
0 52 36 57 154 
0 181 0 187 36 
0 21 10 74 103 
0 117 134 140 47 
0 180 62 17 105 
0 29 163 195 129 
0 128 187 38 177 
0 34 57 195 43 
0 80 39 47 167 
0 90 108 37 94 
0 35 73 9 160 
0 149 29 8 0 
0 87 110 93 13 
0 184 94 54 143 
0 29 90 67 149 
0 149 133 197 26 
0 43 46 118 8 
0 43 39 94 121 
0 101 95 31 33 
0 4 163 176 37 
0 104 135 189 156 
0 25 47 17 79 
0 86 73 193 49 
0 6 136 81 108 
0 69 168 6 69 
0 49 146 109 90 
0 21 168 48 36 
0 85 63 22 117 
0 0 24 81 56 
0 96 87 36 144 
0 6 107 100 43 
0 96 123 171 18 
0 56 114 39 107 
0 181 76 158 180 
0 182 48 113 94 
0 18 181 55 137 
0 51 142 178 135 
0 8 176 138 90 
0 149 161 89 31 
0 71 62 152 98 
0 130 17 55 80 
0 1 84 108 157 
0 128 161 131 97 
0 123 51 9 47 
0 37 134 136 118 
0 102 89 83 24 
0 79 60 113 103 
0 83 185 139 111 
0 138 9 152 49 
0 175 73 74 109 
0 180 46 136 109 
0 191 173 155 145 
0 29 136 101 37 
0 198 138 126 26 
0 145 41 37 44 
0 182 32 43 75 
0 95 73 51 164 
0 167 182 156 94 
0 161 107 165 39 
0 3 147 199 95 
0 134 130 191 152 
0 11 52 197 109 
0 69 164 165 49 
0 64 101 189 106 
0 57 76 27 59 
0 190 29 167 168 
0 150 41 42 194 
0 39 103 166 80 
0 114 143 91 116 
0 5 7 128 112 
0 7 63 65 194 
0 198 111 26 140 
0 21 88 2 18 
0 116 181 1 115 
0 164 39 42 80 
0 115 57 31 50 
0 28 182 94 16 
0 100 81 164 2 
0 21 166 145 102 
0 127 91 163 75 
0 3 176 113 121 
0 144 74 64 94 
0 163 134 102 169 
0 108 125 94 57 
