1
4
4
0 0 1 1
1 1 0 0
0 0 1 2
2 1 0 0
1000
0 16 74 52 90 
0 36 87 35 31 
0 83 79 96 17 
0 68 59 37 77 
0 58 34 6 47 
0 3 77 22 94 
0 25 83 44 70 
0 58 24 46 80 
0 37 82 55 9 
0 36 40 26 48 
0 48 48 62 12 
0 20 25 93 50 
0 59 65 34 19 
0 19 47 3 70 
0 0 70 13 60 
0 22 98 95 0 
0 30 79 1 47 
0 88 9 37 62 
0 85 49 51 73 
0 2 58 35 0 
0 76 86 74 81 
0 41 80 1 45 
0 82 50 77 3 
0 68 87 94 93 
0 6 15 94 17 
0 85 40 66 3 
0 96 50 46 74 
0 95 18 62 66 
0 66 25 8 22 
0 73 52 39 66 
0 47 44 25 91 
0 94 3 86 18 
0 24 34 50 34 
0 55 9 57 84 
0 30 90 67 4 
0 60 94 24 16 
0 15 84 25 82 
0 80 47 43 46 
0 93 7 26 56 
0 63 73 74 26 
0 13 2 1 6 
0 98 84 43 78 
0 76 56 85 10 
0 18 49 7 1 
0 1 93 81 61 
0 64 89 52 31 
0 64 99 32 98 
0 12 50 5 34 
0 70 85 99 4 
0 25 74 34 56 
0 51 70 50 55 
0 32 68 90 50 
0 20 93 83 8 
0 84 56 53 39 
0 65 6 96 91 
0 72 3 43 98 
0 60 16 22 5 
0 0 91 15 16 
0 50 2 19 15 
0 93 61 71 47 
0 99 11 29 52 
0 68 58 41 43 
0 56 10 45 48 
0 97 37 70 40 
0 68 72 81 52 
0 12 58 25 55 
0 39 45 94 26 
0 4 48 24 88 
0 40 53 31 20 
0 54 85 39 85 
0 39 3 53 29 
0 15 32 89 60 
0 44 58 82 87 
0 57 8 97 5 
0 2 13 42 94 
0 39 66 41 46 
0 73 68 75 40 
0 29 74 80 5 
0 48 62 53 72 
0 80 6 14 39 
0 37 42 96 22 
0 23 19 39 27 
0 84 72 50 38 
0 23 59 93 90 
0 27 66 93 57 
0 22 75 11 37 
0 44 84 64 50 
0 8 62 11 54 
0 63 85 67 18 
0 96 87 36 2 
0 97 32 52 51 
0 85 7 73 95 
0 10 62 1 29 
0 53 25 97 72 
0 41 11 16 69 
0 33 13 29 33 
0 88 67 60 57 
0 42 42 66 71 
0 83 20 67 89 
0 23 48 50 37 
0 43 95 83 31 
0 73 81 11 71 
0 56 70 61 20 
0 31 53 93 74 
0 38 36 89 51 
0 31 76 60 56 
0 17 27 63 7 
0 43 47 9 12 
0 62 70 4 53 
0 43 40 57 22 
0 99 87 47 46 
0 10 4 27 60 
0 14 8 60 80 
0 91 30 79 24 
0 21 2 97 42 
0 93 45 41 69 
0 40 65 42 83 
0 48 88 82 34 
0 63 46 27 89 
0 51 86 6 68 
0 41 49 10 60 
0 28 45 4 9 
0 95 16 9 0 
0 82 98 40 64 
0 88 31 75 42 
0 93 41 72 69 
0 8 70 41 7 
0 58 5 75 52 
0 95 82 71 91 
0 33 77 53 2 
0 0 54 68 91 
0 88 40 71 85 
0 7 13 54 56 
0 71 20 6 46 
0 14 54 35 29 
0 11 44 23 16 
0 31 66 41 45 
0 51 72 52 36 
0 58 34 91 88 
0 66 80 90 92 
0 35 56 35 77 
0 67 87 71 10 
0 75 26 50 62 
0 24 11 31 15 
0 76 86 38 48 
0 58 57 86 6 
0 71 27 95 37 
0 54 68 50 43 
0 65 59 92 80 
0 79 81 42 20 
0 92 8 76 12 
0 1 76 1 50 
0 91 52 45 44 
0 97 48 47 96 
0 11 60 49 92 
0 38 60 66 27 
0 95 44 20 45 
0 60 92 41 92 
0 84 28 9 27 
0 92 19 9 91 
0 7 34 69 69 
0 20 82 93 99 
0 63 95 57 53 
0 0 53 78 67 
0 62 32 11 44 
0 20 10 83 72 
0 56 31 51 2 
0 41 1 88 32 
0 54 83 84 16 
0 82 96 36 85 
0 80 70 69 91 
0 24 55 67 89 
0 30 41 60 20 
0 63 3 61 9 
0 2 67 91 1 
0 79 18 8 87 
0 65 43 68 11 
0 87 5 12 24 
0 67 16 63 83 
0 1 70 31 85 
0 30 6 57 28 
0 19 49 73 70 
0 62 8 5 8 
0 47 53 88 30 
0 68 67 96 73 
0 12 80 80 15 
0 52 76 45 90 
0 18 92 79 96 
0 4 63 3 87 
0 26 35 86 21 
0 45 72 4 6 
0 61 44 75 8 
0 15 97 12 47 
0 95 0 29 31 
0 64 34 49 51 
0 51 54 53 45 
0 98 3 33 64 
0 75 63 58 70 
0 13 81 20 16 
0 26 25 90 59 
0 14 21 12 56 
0 10 53 70 97 
0 9 45 49 2 
0 41 90 44 18 
0 77 76 37 64 
0 4 58 80 96 
0 31 76 71 94 
0 38 29 86 21 
0 33 95 52 86 
0 11 93 71 16 
0 72 95 84 54 
0 17 71 76 34 
0 88 51 61 59 
0 97 71 51 89 
0 13 95 10 3 
0 35 84 4 97 
0 41 18 71 35 
0 5 61 19 62 
0 90 67 7 12 
0 83 34 41 13 
0 84 24 1 19 
0 34 88 23 41 
0 99 49 99 92 
0 26 86 3 68 
0 36 50 40 11 
0 6 94 32 60 
0 98 63 6 32 
0 94 15 96 65 
0 82 32 68 71 
0 92 93 35 61 
0 56 53 13 10 
0 71 7 83 4 
0 62 27 17 1 
0 73 58 83 68 
0 59 73 8 7 
0 19 61 11 87 
0 66 68 5 85 
0 20 99 77 26 
0 91 89 31 73 
0 74 17 14 22 
0 62 51 42 67 
0 50 66 12 26 
0 22 43 37 88 
0 29 71 79 57 
0 43 19 92 80 
0 57 51 95 7 
0 8 69 65 63 
0 76 40 29 51 
0 21 73 64 42 
0 68 56 12 35 
0 8 90 43 62 
0 72 81 0 67 
0 76 22 74 71 
0 79 58 76 0 
0 6 5 83 56 
0 17 81 50 44 
0 30 54 13 86 
0 84 36 75 72 
0 19 46 41 25 
0 84 88 14 2 
0 45 23 76 46 
0 22 76 24 8 
0 51 91 38 71 
0 61 66 32 93 
0 84 83 67 37 
0 14 47 70 91 
0 66 59 28 74 
0 68 64 0 52 
0 82 44 40 51 
0 72 67 24 60 
0 78 57 38 47 
0 11 88 75 61 
0 97 78 35 26 
0 77 87 87 48 
0 2 88 50 5 
0 58 82 5 20 
0 18 14 93 76 
0 95 72 46 60 
0 36 6 64 64 
0 1 53 26 34 
0 13 8 71 19 
0 20 83 33 25 
0 43 18 24 95 
0 58 69 18 18 
0 84 86 12 36 
0 92 45 95 85 
0 57 70 30 47 
0 25 26 11 7 
0 90 45 50 46 
0 2 88 85 47 
0 54 98 26 2 
0 93 18 60 2 
0 12 16 58 82 
0 54 3 89 22 
0 92 57 49 26 
0 89 72 8 75 
0 75 92 31 82 
0 22 27 28 89 
0 82 96 31 97 
0 93 19 60 90 
0 64 2 96 40 
0 92 7 21 18 
0 44 31 23 10 
0 27 26 74 6 
0 77 60 5 78 
0 0 7 25 12 
0 18 54 81 80 
0 72 8 22 96 
0 47 34 3 74 
0 12 93 85 3 
0 98 92 25 29 
0 52 73 89 80 
0 33 29 4 17 
0 0 86 28 79 
0 57 83 12 91 
0 65 6 81 53 
0 96 77 38 25 
0 64 50 62 52 
0 1 81 39 55 
0 94 20 4 9 
0 65 77 85 82 
0 50 53 44 25 
0 82 57 38 71 
0 10 57 53 81 
0 32 29 45 18 
0 81 6 98 8 
0 72 82 49 96 
0 98 29 94 90 
0 48 87 91 90 
0 3 70 92 87 
0 75 20 49 99 
0 8 73 14 79 
0 10 8 89 75 
0 8 89 52 43 
0 31 31 4 89 
0 42 58 88 92 
0 23 54 52 35 
0 42 16 42 32 
0 50 50 54 11 
0 96 43 92 6 
0 55 92 44 6 
0 22 30 87 50 
0 73 49 11 96 
0 92 6 94 23 
0 18 53 16 5 
0 42 80 18 73 
0 53 24 60 44 
0 66 17 78 46 
0 81 76 14 40 
0 98 50 1 70 
0 34 62 47 89 
0 18 13 93 70 
0 72 51 89 19 
0 49 94 24 19 
0 99 78 18 61 
0 13 86 25 22 
0 43 25 59 0 
0 8 40 76 40 
0 6 97 22 85 
0 2 40 11 26 
0 23 80 22 23 
0 81 27 90 92 
0 16 64 63 65 
0 76 77 85 76 
0 38 56 34 1 
0 28 97 26 11 
0 55 8 90 98 
0 99 33 17 39 
0 60 70 46 11 
0 9 44 40 32 
0 1 9 47 88 
0 39 70 45 12 
0 95 30 8 33 
0 18 30 38 85 
0 73 35 49 85 
0 54 37 43 91 
0 3 40 74 12 
0 97 65 83 90 
0 5 6 65 8 
0 70 56 50 98 
0 71 82 47 38 
0 72 76 44 25 
0 22 92 25 46 
0 81 91 57 65 
0 54 34 89 29 
0 8 38 61 67 
0 1 61 40 37 
0 84 31 66 77 
0 60 96 24 15 
0 76 64 78 73 
0 12 74 60 38 
0 75 68 27 66 
0 98 64 74 60 
0 54 27 28 11 
0 60 99 21 22 
0 75 79 75 97 
0 65 13 75 39 
0 35 54 50 89 
0 25 60 12 50 
0 86 26 95 97 
0 58 85 83 98 
0 8 64 87 59 
0 64 86 1 88 
0 51 71 74 39 
0 25 60 49 41 
0 63 65 62 56 
0 30 14 25 24 
0 83 94 93 67 
0 11 85 27 19 
0 91 55 38 35 
0 51 94 32 20 
0 56 72 29 62 
0 64 79 91 29 
0 31 96 96 79 
0 85 6 97 35 
0 70 5 80 67 
0 72 17 70 72 
0 4 85 13 12 
0 63 23 84 71 
0 86 75 12 62 
0 6 58 5 44 
0 20 85 41 0 
0 23 58 65 84 
0 56 3 97 82 
0 35 90 75 52 
0 71 72 22 38 
0 30 10 81 91 
0 72 91 88 97 
0 26 1 26 43 
0 55 48 19 65 
0 67 74 91 89 
0 59 77 34 82 
0 27 43 66 67 
0 73 60 51 96 
0 20 61 50 47 
0 39 31 41 5 
0 91 84 8 69 
0 56 41 36 14 
0 54 24 83 5 
0 83 69 60 52 
0 43 33 53 78 
0 63 59 72 64 
0 11 12 12 1 
0 62 70 38 77 
0 11 19 98 75 
0 45 62 97 55 
0 3 73 50 6 
0 21 83 29 17 
0 4 78 20 75 
0 54 65 41 73 
0 78 69 31 44 
0 58 29 62 7 
0 94 46 49 76 
0 82 74 50 63 
0 13 32 42 77 
0 97 31 25 53 
0 38 54 98 30 
0 51 38 93 99 
0 22 11 19 83 
0 21 9 42 57 
0 86 35 36 90 
0 44 46 26 56 
0 80 92 21 64 
0 97 8 10 46 
0 51 21 19 90 
0 11 75 82 6 
0 83 86 34 36 
0 44 36 62 30 
0 6 15 39 45 
0 81 63 15 81 
0 9 78 89 47 
0 69 77 15 51 
0 58 52 62 54 
0 36 98 50 96 
0 37 1 30 12 
0 74 10 30 14 
0 18 39 39 49 
0 36 32 67 53 
0 49 55 52 72 
0 3 70 16 60 
0 59 57 82 73 
0 46 32 81 34 
0 66 87 18 55 
0 43 76 58 98 
0 85 17 94 98 
0 17 87 58 53 
0 10 96 37 19 
0 65 84 10 92 
0 98 89 27 72 
0 24 60 33 33 
0 15 85 34 3 
0 98 41 39 21 
0 41 88 68 72 
0 70 58 69 68 
0 29 70 24 69 
0 83 97 38 64 
0 51 24 73 98 
0 3 26 87 15 
0 7 83 57 40 
0 45 76 9 65 
0 11 77 88 3 
0 98 74 59 71 
0 69 62 86 29 
0 71 70 54 28 
0 0 65 80 33 
0 31 32 51 50 
0 87 92 3 83 
0 15 55 61 11 
0 39 64 11 3 
0 3 67 0 33 
0 79 19 15 3 
0 46 98 74 48 
0 12 18 8 69 
0 13 13 25 11 
0 61 29 81 40 
0 37 29 27 95 
0 33 62 62 52 
0 77 73 77 78 
0 25 17 85 99 
0 20 92 44 35 
0 71 71 80 58 
0 89 51 19 73 
0 83 93 34 79 
0 84 82 1 97 
0 19 8 3 50 
0 14 50 16 19 
0 33 57 35 39 
0 32 50 10 89 
0 41 33 64 83 
0 49 23 40 30 
0 19 78 83 91 
0 70 12 51 67 
0 20 51 1 4 
0 30 62 49 15 
0 6 6 55 21 
0 70 49 33 98 
0 33 97 73 45 
0 36 55 5 78 
0 9 98 21 31 
0 83 9 85 19 
0 12 94 26 95 
0 90 24 96 23 
0 30 69 86 84 
0 77 55 27 86 
0 56 35 36 21 
0 15 59 67 51 
0 82 95 5 85 
0 46 99 0 97 
0 85 75 49 13 
0 20 19 95 83 
0 81 61 87 27 
0 82 62 22 59 
0 17 81 40 97 
0 43 81 81 62 
0 67 64 18 32 
0 64 6 18 80 
0 17 44 2 96 
0 69 10 5 58 
0 79 0 62 10 
0 47 41 30 60 
0 63 46 9 48 
0 88 14 45 80 
0 27 49 19 11 
0 12 28 94 35 
0 78 83 64 49 
0 38 51 67 68 
0 23 99 27 67 
0 72 58 75 79 
0 46 55 37 30 
0 66 2 88 65 
0 25 76 32 25 
0 58 41 68 62 
0 24 80 34 49 
0 79 87 58 52 
0 11 42 59 64 
0 44 50 83 45 
0 76 41 63 96 
0 89 98 14 15 
0 96 20 66 95 
0 38 70 31 91 
0 65 72 44 52 
0 26 27 48 36 
0 91 43 6 92 
0 9 67 16 46 
0 63 57 44 53 
0 53 67 23 59 
0 43 36 0 14 
0 30 82 69 84 
0 24 98 25 84 
0 81 75 98 38 
0 65 20 90 3 
0 25 13 92 19 
0 52 9 7 27 
0 20 80 25 93 
0 76 29 39 75 
0 45 45 73 56 
0 55 10 84 0 
0 43 62 77 41 
0 58 8 25 17 
0 95 42 7 4 
0 18 99 94 92 
0 9 63 60 52 
0 96 91 81 59 
0 19 6 30 14 
0 62 62 16 37 
0 73 94 68 93 
0 32 70 67 61 
0 28 60 60 27 
0 38 13 67 58 
0 34 35 43 13 
0 80 93 44 36 
0 58 68 44 36 
0 95 57 37 62 
0 40 56 67 28 
0 23 88 2 67 
0 1 32 26 51 
0 62 36 49 11 
0 49 17 34 42 
0 42 13 15 72 
0 29 40 55 74 
0 99 18 92 69 
0 16 12 11 32 
0 99 49 70 2 
0 36 6 97 92 
0 71 88 88 20 
0 76 23 77 90 
0 63 2 48 74 
0 98 20 58 69 
0 90 64 41 67 
0 7 8 83 76 
0 38 92 69 75 
0 66 9 75 42 
0 85 70 95 63 
0 31 32 95 77 
0 2 83 42 67 
0 10 2 7 23 
0 17 78 67 76 
0 28 67 39 92 
0 88 82 43 66 
0 73 66 53 98 
0 47 31 56 97 
0 83 7 37 4 
0 47 92 78 86 
0 20 98 73 93 
0 73 1 70 67 
0 80 71 47 18 
0 53 54 91 29 
0 5 2 27 33 
0 61 82 38 16 
0 84 50 65 29 
0 95 71 47 68 
0 87 77 0 13 
0 78 28 2 46 
0 41 96 32 88 
0 51 26 91 51 
0 62 2 52 88 
0 26 68 17 62 
0 82 43 94 58 
0 71 20 83 82 
0 53 86 26 21 
0 64 20 22 14 
0 19 55 6 4 
0 77 26 92 75 
0 33 92 41 50 
0 54 59 64 54 
0 68 41 79 16 
0 46 12 67 54 
0 53 91 66 86 
0 28 1 93 63 
0 72 76 43 73 
0 2 82 77 31 
0 82 50 20 38 
0 75 9 0 79 
0 45 17 83 67 
0 29 8 83 33 
0 19 19 37 97 
0 64 85 89 64 
0 24 5 55 33 
0 99 15 38 90 
0 94 87 11 49 
0 40 34 58 9 
0 40 62 62 27 
0 61 69 81 29 
0 17 77 7 5 
0 66 97 48 30 
0 30 75 15 70 
0 22 65 15 41 
0 4 96 53 52 
0 67 53 87 2 
0 76 14 96 61 
0 41 33 97 6 
0 8 45 89 23 
0 33 9 55 79 
0 28 13 77 55 
0 10 92 78 92 
0 45 73 99 86 
0 97 36 13 94 
0 73 20 6 66 
0 25 12 51 42 
0 22 96 6 46 
0 40 97 12 22 
0 33 46 76 53 
0 37 47 15 52 
0 49 75 23 29 
0 1 17 0 48 
0 35 52 83 78 
0 2 19 28 92 
0 17 28 73 6 
0 62 47 40 81 
0 90 38 86 54 
0 28 6 55 21 
0 98 1 79 82 
0 96 87 30 92 
0 29 36 5 11 
0 48 96 33 21 
0 35 81 6 61 
0 60 27 15 58 
0 90 36 6 2 
0 31 86 53 3 
0 48 41 81 67 
0 11 21 30 14 
0 76 3 0 77 
0 16 7 18 29 
0 8 84 30 10 
0 22 43 9 10 
0 14 73 50 95 
0 63 84 45 73 
0 3 22 8 31 
0 29 73 61 72 
0 89 40 46 57 
0 41 74 37 64 
0 21 70 84 43 
0 62 36 33 48 
0 97 50 27 7 
0 5 68 48 83 
0 46 71 54 75 
0 43 12 42 50 
0 15 75 57 6 
0 77 14 77 60 
0 67 51 92 77 
0 79 78 85 49 
0 22 51 73 23 
0 68 41 96 75 
0 28 21 68 9 
0 39 53 21 77 
0 37 0 61 68 
0 92 80 56 89 
0 55 89 40 36 
0 92 4 31 48 
0 11 23 28 14 
0 28 86 19 30 
0 65 10 61 40 
0 67 70 9 50 
0 58 40 60 50 
0 86 85 19 47 
0 63 51 93 16 
0 99 10 16 0 
0 49 87 98 3 
0 86 89 36 58 
0 22 19 68 78 
0 5 61 33 37 
0 2 88 15 9 
0 95 99 51 25 
0 34 86 44 43 
0 58 33 72 44 
0 75 23 26 26 
0 91 2 85 70 
0 30 27 10 71 
0 68 7 15 50 
0 80 2 41 10 
0 74 14 70 74 
0 30 47 42 3 
0 35 33 32 76 
0 62 24 86 48 
0 68 66 14 5 
0 5 37 9 9 
0 54 24 10 79 
0 20 26 44 79 
0 21 1 69 18 
0 61 26 33 54 
0 48 45 41 39 
0 36 3 17 53 
0 29 4 0 7 
0 89 35 73 36 
0 8 72 70 87 
0 95 84 33 49 
0 66 35 32 21 
0 95 42 8 17 
0 22 67 81 21 
0 36 59 35 93 
0 88 32 26 81 
0 12 87 19 68 
0 28 9 63 50 
0 14 95 61 16 
0 76 69 98 33 
0 70 86 56 11 
0 50 62 9 18 
0 15 28 6 29 
0 6 54 33 65 
0 78 17 9 64 
0 73 59 99 63 
0 10 10 9 69 
0 76 62 16 28 
0 36 26 24 63 
0 80 56 0 0 
0 75 44 26 64 
0 73 8 4 52 
0 52 59 65 90 
0 62 65 8 28 
0 5 91 3 25 
0 96 88 5 56 
0 64 17 54 20 
0 69 82 30 26 
0 97 99 27 55 
0 21 48 40 70 
0 70 71 30 75 
0 59 92 85 35 
0 70 99 24 84 
0 97 98 9 90 
0 93 31 12 83 
0 70 24 66 19 
0 7 28 1 95 
0 99 24 98 89 
0 81 65 11 65 
0 15 64 50 8 
0 9 79 67 75 
0 48 2 37 14 
0 12 27 82 14 
0 49 19 75 19 
0 17 77 66 96 
0 64 41 29 50 
0 53 15 98 74 
0 45 14 31 96 
0 68 49 61 78 
0 27 30 21 7 
0 39 21 67 80 
0 69 73 13 66 
0 38 77 57 43 
0 54 53 22 59 
0 60 67 38 27 
0 79 23 79 80 
0 97 72 58 91 
0 49 12 32 23 
0 39 89 17 56 
0 27 80 36 73 
0 89 94 23 80 
0 31 90 20 21 
0 57 28 40 7 
0 27 53 53 81 
0 48 12 19 19 
0 17 31 61 88 
0 13 5 52 39 
0 81 54 10 26 
0 70 53 75 52 
0 3 89 41 28 
0 24 58 14 30 
0 71 65 2 72 
0 85 47 59 35 
0 20 31 20 71 
0 67 19 78 32 
0 5 2 96 54 
0 28 52 32 64 
0 96 50 91 66 
0 25 84 92 19 
0 33 37 1 63 
0 77 20 24 74 
0 96 11 87 52 
0 31 20 75 87 
0 19 11 83 66 
0 0 7 5 97 
0 2 8 9 54 
0 19 77 33 9 
0 14 17 73 0 
0 2 76 58 70 
0 97 16 40 79 
0 42 7 93 60 
0 77 64 9 37 
0 31 18 3 7 
0 19 72 16 22 
0 57 88 87 96 
0 2 87 50 56 
0 68 58 61 58 
0 53 47 32 13 
0 49 87 82 72 
0 39 60 44 31 
0 62 79 14 37 
0 55 15 89 93 
0 13 57 79 77 
0 35 83 92 91 
0 0 68 8 87 
0 23 56 98 12 
0 26 64 4 77 
0 10 33 27 22 
0 99 28 6 28 
0 47 53 80 75 
0 47 19 35 80 
0 26 12 51 41 
0 26 56 76 68 
0 83 8 37 21 
0 80 0 9 3 
0 44 76 23 43 
0 30 7 87 87 
0 16 74 3 97 
0 81 79 10 41 
0 49 77 33 92 
0 5 79 90 45 
0 1 66 70 18 
0 42 70 32 3 
0 7 96 65 87 
0 63 80 33 15 
0 17 52 38 5 
0 59 28 4 92 
0 27 79 82 65 
0 0 50 84 61 
0 79 47 47 0 
0 76 52 81 84 
0 45 61 8 38 
0 45 80 88 27 
0 36 30 91 95 
0 36 93 8 67 
0 84 81 87 61 
0 0 40 48 99 
0 1 40 87 82 
0 14 40 84 84 
0 17 73 99 23 
0 70 94 35 63 
0 56 31 60 35 
0 14 76 1 4 
0 19 35 54 32 
0 54 47 87 97 
0 24 82 47 22 
0 19 67 67 46 
0 94 37 31 20 
0 44 47 57 30 
0 40 38 97 4 
0 77 46 22 7 
0 42 83 62 15 
0 67 30 86 69 
0 45 30 60 69 
0 37 33 44 83 
0 39 93 0 60 
0 73 31 9 93 
0 43 20 36 99 
0 53 61 68 32 
0 84 71 21 31 
0 24 86 77 16 
0 93 10 98 54 
0 22 30 62 36 
0 80 37 22 43 
0 68 99 23 78 
0 12 13 67 98 
0 50 82 86 85 
0 59 86 17 93 
0 53 1 29 18 
0 99 78 56 19 
0 43 65 29 87 
0 48 5 98 26 
0 74 10 17 64 
0 12 22 88 80 
0 82 65 65 12 
0 21 48 3 19 
0 8 11 15 15 
0 6 52 63 9 
0 94 48 57 74 
0 98 77 44 16 
0 65 61 82 27 
0 32 49 14 14 
0 20 16 30 7 
0 89 33 25 13 
0 31 97 40 31 
0 98 72 60 9 
0 62 51 27 95 
0 12 59 4 40 
0 15 64 28 54 
0 3 52 22 36 
0 74 49 34 32 
0 22 4 98 97 
0 36 62 37 90 
0 85 31 90 15 
0 17 18 69 20 
0 29 39 93 73 
0 77 54 71 73 
0 56 92 93 61 
0 30 35 5 32 
0 82 67 70 93 
0 16 92 37 75 
0 5 96 69 96 
0 21 52 30 15 
0 34 86 81 12 
0 18 19 59 4 
0 64 51 92 45 
0 56 14 78 91 
0 96 28 33 34 
0 12 44 95 15 
0 82 10 59 29 
0 86 30 9 89 
0 35 87 24 75 
0 43 68 83 15 
0 26 17 75 92 
0 6 61 50 45 
