1
3
7
2 1 0 
1 0 0 
2 0 1 
1 1 0 
1 2 0 
1 0 1 
1 0 2 
1000
0 84 91 22 
0 66 74 90 
0 98 51 82 
0 89 83 98 
0 95 97 90 
0 51 75 20 
0 88 27 41 
0 11 35 35 
0 54 48 49 
0 66 66 78 
0 44 66 67 
0 22 89 80 
0 27 19 71 
0 64 39 16 
0 39 66 82 
0 59 49 87 
0 0 52 97 
0 32 62 54 
0 11 17 68 
0 86 32 32 
0 95 86 33 
0 68 23 87 
0 35 79 60 
0 66 95 61 
0 73 33 53 
0 11 85 59 
0 74 35 97 
0 85 57 5 
0 94 17 54 
0 61 58 89 
0 6 60 82 
0 58 39 82 
0 65 55 98 
0 4 19 2 
0 92 17 9 
0 74 59 52 
0 22 88 28 
0 16 43 97 
0 67 34 99 
0 76 63 78 
0 68 15 81 
0 97 31 34 
0 60 23 61 
0 44 35 83 
0 67 9 24 
0 17 7 29 
0 74 57 12 
0 57 32 91 
0 15 9 37 
0 64 19 87 
0 93 21 74 
0 67 13 99 
0 49 60 89 
0 76 87 99 
0 48 22 70 
0 41 4 86 
0 5 34 4 
0 42 93 50 
0 29 56 93 
0 90 15 29 
0 40 64 89 
0 41 40 34 
0 46 33 34 
0 35 16 6 
0 8 19 41 
0 30 53 78 
0 21 21 43 
0 89 5 93 
0 68 85 52 
0 55 10 33 
0 31 94 32 
0 13 82 16 
0 48 18 45 
0 53 19 38 
0 42 75 71 
0 40 92 60 
0 23 90 48 
0 20 34 93 
0 66 40 67 
0 17 37 3 
0 29 70 42 
0 87 51 23 
0 37 74 54 
0 47 3 86 
0 48 29 75 
0 51 25 44 
0 65 10 47 
0 4 21 72 
0 32 53 4 
0 83 73 89 
0 45 88 93 
0 34 97 69 
0 85 31 21 
0 40 34 50 
0 43 88 42 
0 47 49 37 
0 96 78 31 
0 14 80 51 
0 53 56 11 
0 82 48 84 
0 60 86 18 
0 41 62 5 
0 10 33 79 
0 70 31 70 
0 19 3 99 
0 59 77 30 
0 26 35 61 
0 23 3 73 
0 29 47 72 
0 71 72 71 
0 31 7 85 
0 39 99 23 
0 11 80 21 
0 75 92 54 
0 92 63 42 
0 49 50 86 
0 26 14 17 
0 91 54 64 
0 13 35 21 
0 77 39 21 
0 75 87 16 
0 12 83 93 
0 64 62 95 
0 18 47 51 
0 52 29 66 
0 6 9 13 
0 15 38 20 
0 65 74 78 
0 59 35 29 
0 70 16 28 
0 85 8 3 
0 6 48 70 
0 68 20 50 
0 18 24 78 
0 35 83 72 
0 74 41 55 
0 74 65 16 
0 78 91 43 
0 96 45 41 
0 80 57 37 
0 38 52 12 
0 41 54 1 
0 26 63 6 
0 69 47 73 
0 27 1 62 
0 28 58 58 
0 55 50 66 
0 27 94 83 
0 85 41 4 
0 37 37 6 
0 73 1 80 
0 49 69 43 
0 40 13 48 
0 87 65 39 
0 99 6 54 
0 95 69 20 
0 16 87 19 
0 37 80 1 
0 83 19 90 
0 82 73 22 
0 94 19 90 
0 40 93 89 
0 28 50 64 
0 39 35 62 
0 44 93 63 
0 87 51 68 
0 31 62 48 
0 56 19 99 
0 88 12 86 
0 8 2 7 
0 40 39 2 
0 3 99 4 
0 56 70 32 
0 55 58 90 
0 57 1 0 
0 78 29 73 
0 7 91 62 
0 30 82 3 
0 32 25 44 
0 27 78 7 
0 35 13 41 
0 64 70 22 
0 80 65 68 
0 4 41 80 
0 87 19 77 
0 86 71 81 
0 18 63 35 
0 48 26 86 
0 6 36 10 
0 49 69 3 
0 76 4 90 
0 56 11 66 
0 64 97 61 
0 34 10 63 
0 52 73 99 
0 13 84 26 
0 73 6 8 
0 21 31 10 
0 28 82 74 
0 39 94 54 
0 16 45 45 
0 41 82 72 
0 22 69 86 
0 88 28 42 
0 59 17 33 
0 49 31 10 
0 12 44 55 
0 46 93 30 
0 56 88 5 
0 93 30 74 
0 69 98 21 
0 79 94 39 
0 25 20 11 
0 43 16 73 
0 30 96 94 
0 40 51 1 
0 94 19 54 
0 23 72 9 
0 47 22 16 
0 51 0 57 
0 77 44 94 
0 16 11 57 
0 98 95 74 
0 54 31 54 
0 93 42 54 
0 7 49 21 
0 7 25 78 
0 99 22 2 
0 71 45 35 
0 12 99 76 
0 16 8 70 
0 81 49 13 
0 19 88 98 
0 51 24 6 
0 22 78 88 
0 34 35 37 
0 63 91 78 
0 65 6 16 
0 33 99 45 
0 47 73 84 
0 25 66 4 
0 46 32 51 
0 78 1 7 
0 54 72 66 
0 87 15 40 
0 45 22 69 
0 18 10 81 
0 44 36 25 
0 13 33 52 
0 30 32 21 
0 0 5 33 
0 63 58 30 
0 31 13 98 
0 5 33 33 
0 26 80 30 
0 66 56 51 
0 51 34 33 
0 34 30 7 
0 95 40 29 
0 20 44 15 
0 42 1 46 
0 32 25 23 
0 26 56 33 
0 54 46 75 
0 73 59 69 
0 72 85 99 
0 51 32 13 
0 71 75 7 
0 6 91 41 
0 37 5 62 
0 5 4 46 
0 54 68 63 
0 93 35 61 
0 40 96 8 
0 27 90 67 
0 92 24 59 
0 43 35 96 
0 77 45 57 
0 73 85 57 
0 26 12 77 
0 39 94 68 
0 95 6 34 
0 6 58 12 
0 58 99 68 
0 5 39 33 
0 63 40 70 
0 91 76 19 
0 69 14 51 
0 88 15 75 
0 25 17 60 
0 5 17 5 
0 1 94 55 
0 32 23 7 
0 61 7 77 
0 94 80 92 
0 41 93 51 
0 77 85 70 
0 3 13 88 
0 81 49 63 
0 27 64 96 
0 43 33 76 
0 96 91 94 
0 51 74 57 
0 85 25 18 
0 22 35 11 
0 92 53 67 
0 54 50 44 
0 24 97 94 
0 57 51 23 
0 98 38 49 
0 50 54 32 
0 65 66 17 
0 11 20 48 
0 29 70 60 
0 13 80 77 
0 76 69 20 
0 92 95 78 
0 21 8 66 
0 15 43 96 
0 87 79 36 
0 14 48 54 
0 82 49 71 
0 33 39 62 
0 46 18 20 
0 62 37 43 
0 4 10 68 
0 43 19 48 
0 99 54 16 
0 73 13 28 
0 67 9 14 
0 44 2 41 
0 7 39 45 
0 0 3 63 
0 63 56 31 
0 76 13 94 
0 5 38 55 
0 20 54 17 
0 64 12 72 
0 32 5 5 
0 61 4 86 
0 84 29 18 
0 60 72 19 
0 16 23 1 
0 41 74 41 
0 46 50 22 
0 90 47 59 
0 92 26 8 
0 58 91 73 
0 49 91 83 
0 2 93 91 
0 51 91 64 
0 57 96 47 
0 98 11 91 
0 66 24 24 
0 71 15 69 
0 50 58 17 
0 46 94 57 
0 82 99 84 
0 60 79 69 
0 85 45 62 
0 47 7 23 
0 99 76 3 
0 79 52 63 
0 76 49 38 
0 20 35 25 
0 61 62 57 
0 48 63 30 
0 25 27 73 
0 65 24 27 
0 84 72 99 
0 2 38 80 
0 28 16 98 
0 32 45 28 
0 19 99 9 
0 68 78 91 
0 66 47 67 
0 21 0 50 
0 36 18 83 
0 55 75 85 
0 16 97 9 
0 90 67 22 
0 88 65 91 
0 24 30 56 
0 60 16 74 
0 19 31 35 
0 48 27 51 
0 14 39 11 
0 74 3 43 
0 43 12 81 
0 84 87 90 
0 4 31 64 
0 97 12 6 
0 18 14 96 
0 65 4 46 
0 45 9 66 
0 7 69 59 
0 56 19 70 
0 27 47 42 
0 56 29 27 
0 84 73 29 
0 81 93 34 
0 84 94 19 
0 4 72 45 
0 33 73 33 
0 59 24 86 
0 56 24 64 
0 95 68 4 
0 81 68 45 
0 55 60 79 
0 21 8 88 
0 13 1 12 
0 3 98 53 
0 48 3 55 
0 31 57 63 
0 75 60 78 
0 58 74 37 
0 78 67 51 
0 24 2 86 
0 9 56 70 
0 36 12 14 
0 19 15 16 
0 51 0 53 
0 98 95 83 
0 4 97 30 
0 78 83 75 
0 88 16 8 
0 29 31 87 
0 65 33 27 
0 96 44 98 
0 59 39 18 
0 20 18 14 
0 99 6 32 
0 34 21 34 
0 37 51 47 
0 85 39 81 
0 66 6 67 
0 86 68 36 
0 88 28 54 
0 1 83 15 
0 6 28 16 
0 75 26 56 
0 10 42 74 
0 64 43 87 
0 39 27 50 
0 68 58 26 
0 67 89 34 
0 80 44 83 
0 76 4 47 
0 40 13 74 
0 97 52 96 
0 41 86 26 
0 3 23 57 
0 70 38 5 
0 55 86 21 
0 83 12 30 
0 28 89 18 
0 21 15 38 
0 16 20 69 
0 82 32 57 
0 98 22 1 
0 41 50 4 
0 9 62 12 
0 11 39 74 
0 2 61 3 
0 94 34 63 
0 43 8 48 
0 75 9 40 
0 6 99 69 
0 43 8 65 
0 25 31 74 
0 43 75 33 
0 39 53 39 
0 95 69 44 
0 24 63 60 
0 39 98 56 
0 71 39 19 
0 9 98 40 
0 72 28 85 
0 69 14 55 
0 59 86 72 
0 93 64 78 
0 61 27 69 
0 78 53 37 
0 11 62 28 
0 56 25 87 
0 97 99 48 
0 86 12 98 
0 48 46 63 
0 55 89 6 
0 54 75 49 
0 47 31 83 
0 92 35 44 
0 63 85 18 
0 7 63 13 
0 82 18 17 
0 40 18 99 
0 77 98 80 
0 97 7 45 
0 44 1 58 
0 71 7 45 
0 8 86 35 
0 40 33 36 
0 30 61 55 
0 0 51 69 
0 89 69 71 
0 70 13 46 
0 97 80 78 
0 88 64 31 
0 22 98 85 
0 82 44 61 
0 63 25 45 
0 21 1 11 
0 28 50 90 
0 94 49 83 
0 42 74 43 
0 46 8 9 
0 96 7 67 
0 39 29 1 
0 62 77 8 
0 31 44 48 
0 22 12 26 
0 98 6 96 
0 25 5 33 
0 82 98 18 
0 72 29 75 
0 15 23 42 
0 77 60 25 
0 63 18 49 
0 73 13 90 
0 77 68 29 
0 72 24 53 
0 78 19 30 
0 22 6 24 
0 81 15 89 
0 25 13 34 
0 19 31 24 
0 40 88 2 
0 46 30 82 
0 0 94 51 
0 55 63 16 
0 81 38 5 
0 81 60 45 
0 72 76 49 
0 76 91 36 
0 17 43 30 
0 50 6 11 
0 87 45 14 
0 77 43 18 
0 87 28 15 
0 73 1 86 
0 91 23 62 
0 33 54 30 
0 31 47 13 
0 8 67 19 
0 43 3 6 
0 16 24 80 
0 25 26 32 
0 21 92 75 
0 63 0 50 
0 32 11 51 
0 51 58 35 
0 63 98 37 
0 3 4 59 
0 10 20 51 
0 78 71 10 
0 51 68 51 
0 74 93 55 
0 41 49 86 
0 42 4 31 
0 51 95 95 
0 78 25 30 
0 28 83 97 
0 51 93 60 
0 78 66 44 
0 58 17 29 
0 45 69 83 
0 85 6 4 
0 25 97 32 
0 29 19 46 
0 73 33 59 
0 83 87 39 
0 94 8 79 
0 23 11 14 
0 92 52 29 
0 87 47 98 
0 1 57 67 
0 90 75 55 
0 16 57 82 
0 60 11 14 
0 20 83 65 
0 77 55 62 
0 21 87 52 
0 76 34 91 
0 34 22 24 
0 70 26 10 
0 49 16 64 
0 48 15 59 
0 19 99 46 
0 25 33 67 
0 15 29 51 
0 20 24 59 
0 92 95 87 
0 82 52 71 
0 16 52 34 
0 51 3 71 
0 32 26 68 
0 93 44 36 
0 92 28 85 
0 32 44 97 
0 44 18 98 
0 44 26 23 
0 57 94 58 
0 1 45 59 
0 34 5 38 
0 92 75 13 
0 60 59 88 
0 21 6 46 
0 68 13 18 
0 16 55 47 
0 11 88 92 
0 37 92 8 
0 68 14 55 
0 73 26 63 
0 87 57 14 
0 52 10 45 
0 58 6 18 
0 78 73 12 
0 52 59 66 
0 5 37 82 
0 41 11 20 
0 59 27 67 
0 70 12 19 
0 59 31 19 
0 57 36 46 
0 19 30 15 
0 82 65 86 
0 73 35 3 
0 8 38 61 
0 71 17 51 
0 9 63 5 
0 20 44 82 
0 25 23 9 
0 35 26 71 
0 28 41 30 
0 93 20 41 
0 12 34 88 
0 97 35 71 
0 6 94 6 
0 28 84 74 
0 32 66 51 
0 34 46 44 
0 47 91 24 
0 7 36 36 
0 31 49 18 
0 43 54 18 
0 95 30 39 
0 18 57 44 
0 20 6 75 
0 32 43 48 
0 46 17 90 
0 10 96 60 
0 51 67 61 
0 16 18 49 
0 31 42 93 
0 22 94 97 
0 63 28 16 
0 25 55 1 
0 69 66 25 
0 91 47 59 
0 10 29 42 
0 27 5 43 
0 56 74 72 
0 93 47 40 
0 97 55 0 
0 80 96 56 
0 81 72 75 
0 44 70 18 
0 65 21 28 
0 29 94 6 
0 72 11 76 
0 94 60 27 
0 42 73 72 
0 77 27 66 
0 72 42 11 
0 0 24 34 
0 35 4 41 
0 54 7 69 
0 44 40 1 
0 20 29 51 
0 22 86 80 
0 79 45 42 
0 68 70 13 
0 3 55 65 
0 94 5 97 
0 28 29 18 
0 72 52 21 
0 26 68 58 
0 77 64 75 
0 56 76 18 
0 24 4 95 
0 74 62 98 
0 24 72 71 
0 22 52 68 
0 58 60 62 
0 44 61 63 
0 42 16 87 
0 0 59 82 
0 13 80 95 
0 86 41 42 
0 88 6 90 
0 32 99 10 
0 72 5 67 
0 44 41 37 
0 88 47 84 
0 14 25 37 
0 12 69 30 
0 32 89 13 
0 24 82 16 
0 47 38 68 
0 80 63 41 
0 91 2 72 
0 2 57 42 
0 21 12 17 
0 3 62 10 
0 61 45 56 
0 52 19 20 
0 92 52 12 
0 34 91 49 
0 48 58 76 
0 7 82 92 
0 37 30 7 
0 91 86 72 
0 10 36 41 
0 87 62 57 
0 57 40 3 
0 62 52 45 
0 46 46 74 
0 91 59 8 
0 16 13 48 
0 26 62 92 
0 48 5 33 
0 99 87 4 
0 18 42 28 
0 44 71 75 
0 88 11 65 
0 68 14 83 
0 38 57 2 
0 13 33 57 
0 83 88 81 
0 73 80 78 
0 43 95 28 
0 59 57 26 
0 84 30 60 
0 40 68 37 
0 18 32 36 
0 91 69 68 
0 73 30 43 
0 66 49 40 
0 36 96 3 
0 8 42 26 
0 71 36 76 
0 79 69 90 
0 59 41 36 
0 73 70 41 
0 67 94 25 
0 71 91 16 
0 64 14 97 
0 54 47 26 
0 64 16 72 
0 27 26 96 
0 8 42 12 
0 26 97 85 
0 68 5 57 
0 8 98 54 
0 80 32 57 
0 21 52 12 
0 90 21 39 
0 27 35 13 
0 86 78 93 
0 78 63 10 
0 78 56 81 
0 63 79 55 
0 50 81 97 
0 32 30 39 
0 64 89 28 
0 70 39 88 
0 48 30 80 
0 99 7 30 
0 90 72 65 
0 64 44 5 
0 0 36 6 
0 97 53 32 
0 76 40 48 
0 28 66 31 
0 28 55 84 
0 11 87 76 
0 39 37 3 
0 29 50 27 
0 18 37 84 
0 8 22 74 
0 97 85 95 
0 94 43 79 
0 64 71 87 
0 58 43 93 
0 15 66 46 
0 70 50 32 
0 60 51 65 
0 54 0 0 
0 73 28 96 
0 25 62 74 
0 94 80 71 
0 5 31 40 
0 77 18 99 
0 33 88 80 
0 56 86 65 
0 70 63 48 
0 7 87 11 
0 14 7 31 
0 24 41 87 
0 81 45 88 
0 91 98 71 
0 35 31 78 
0 98 53 53 
0 83 47 27 
0 1 6 16 
0 97 83 70 
0 81 20 17 
0 71 19 99 
0 2 95 82 
0 82 63 2 
0 37 48 17 
0 48 21 76 
0 65 12 30 
0 4 41 41 
0 91 85 10 
0 99 54 76 
0 39 77 58 
0 31 58 26 
0 69 37 17 
0 68 37 42 
0 37 36 73 
0 92 90 92 
0 96 5 17 
0 33 68 93 
0 96 74 75 
0 17 11 86 
0 82 86 7 
0 10 58 23 
0 74 41 30 
0 88 35 41 
0 0 93 38 
0 8 75 50 
0 15 61 80 
0 51 8 24 
0 18 80 27 
0 93 63 56 
0 36 29 32 
0 6 15 40 
0 27 58 62 
0 17 26 76 
0 17 67 12 
0 16 33 35 
0 66 53 96 
0 18 12 58 
0 36 31 49 
0 51 36 0 
0 31 60 24 
0 97 78 75 
0 25 63 61 
0 67 12 83 
0 8 63 0 
0 24 4 4 
0 92 6 2 
0 79 15 47 
0 34 40 24 
0 35 59 77 
0 9 14 70 
0 92 31 89 
0 90 54 32 
0 85 51 87 
0 25 58 29 
0 88 53 12 
0 48 52 44 
0 26 49 2 
0 59 98 90 
0 73 55 97 
0 21 53 42 
0 24 86 0 
0 29 13 74 
0 81 46 93 
0 88 88 47 
0 4 54 26 
0 98 55 10 
0 73 69 36 
0 62 32 57 
0 87 28 4 
0 28 30 73 
0 19 35 15 
0 58 53 54 
0 83 89 62 
0 92 99 33 
0 1 15 35 
0 84 39 71 
0 9 30 99 
0 1 1 18 
0 6 29 1 
0 29 8 85 
0 85 15 5 
0 73 8 26 
0 57 5 32 
0 56 59 10 
0 22 45 73 
0 64 18 47 
0 28 11 62 
0 90 5 94 
0 55 20 51 
0 27 67 75 
0 39 58 48 
0 72 71 4 
0 84 35 51 
0 55 70 63 
0 5 86 30 
0 89 65 5 
0 51 57 8 
0 93 30 22 
0 2 27 84 
0 51 23 62 
0 39 44 51 
0 50 14 17 
0 13 13 73 
0 12 11 35 
0 35 67 18 
0 21 12 37 
0 38 22 18 
0 21 2 54 
0 46 28 59 
0 96 92 80 
0 19 44 76 
0 82 97 77 
0 43 58 88 
0 19 30 72 
0 68 0 38 
0 99 58 27 
0 97 81 73 
0 8 60 50 
0 59 4 39 
0 36 71 25 
0 49 59 0 
0 33 17 71 
0 1 50 40 
0 32 92 63 
0 16 46 23 
0 9 2 3 
0 57 6 68 
0 39 18 43 
0 86 12 59 
0 85 46 67 
0 71 53 0 
0 90 59 94 
0 23 17 37 
0 68 35 57 
0 83 57 80 
0 87 14 24 
0 84 88 56 
0 37 20 43 
0 49 78 70 
0 41 40 25 
0 51 64 59 
0 19 46 74 
0 61 86 85 
0 19 39 89 
0 40 66 42 
0 25 75 36 
0 55 54 57 
0 55 89 60 
0 36 85 40 
0 77 70 38 
0 5 23 23 
0 63 3 29 
0 71 93 86 
0 59 35 43 
0 64 75 97 
0 32 77 79 
0 1 58 69 
0 66 74 16 
0 67 54 16 
0 98 26 32 
0 20 4 86 
0 74 95 64 
0 93 10 82 
0 40 60 67 
0 48 60 23 
0 17 75 15 
0 15 72 5 
0 87 63 37 
0 59 27 9 
0 34 65 63 
0 65 39 5 
0 95 99 32 
0 10 57 39 
