1
3
3
1 0 0
0 1 0
0 0 1
1000
0 58 68 96 
0 46 40 10 
0 95 3 61 
0 36 55 8 
0 88 99 85 
0 31 13 29 
0 44 73 55 
0 81 74 53 
0 86 63 48 
0 27 40 2 
0 86 28 59 
0 85 98 17 
0 47 85 95 
0 84 52 53 
0 68 71 52 
0 10 52 70 
0 94 68 74 
0 14 5 61 
0 16 47 59 
0 66 54 5 
0 75 2 88 
0 12 94 65 
0 62 15 37 
0 28 74 87 
0 21 63 11 
0 20 1 99 
0 13 27 74 
0 12 19 34 
0 82 44 11 
0 72 19 23 
0 48 25 44 
0 26 56 34 
0 16 15 84 
0 40 87 24 
0 87 70 47 
0 43 41 82 
0 48 64 37 
0 57 15 66 
0 97 70 69 
0 40 38 39 
0 13 73 41 
0 48 35 44 
0 95 77 13 
0 53 39 75 
0 34 85 33 
0 66 87 81 
0 59 34 0 
0 86 74 25 
0 34 53 7 
0 55 61 86 
0 76 21 36 
0 39 57 38 
0 69 12 55 
0 28 33 56 
0 18 15 77 
0 57 17 98 
0 58 12 65 
0 75 45 52 
0 4 14 29 
0 67 4 18 
0 90 73 90 
0 84 35 70 
0 55 10 27 
0 88 18 9 
0 62 65 39 
0 74 50 95 
0 90 43 80 
0 11 42 44 
0 32 39 66 
0 42 36 13 
0 15 57 80 
0 33 11 58 
0 55 61 14 
0 46 66 30 
0 76 44 38 
0 64 59 5 
0 54 97 27 
0 77 6 82 
0 55 6 45 
0 31 14 77 
0 29 29 93 
0 73 15 21 
0 49 29 52 
0 57 28 96 
0 72 87 95 
0 42 59 74 
0 15 35 61 
0 34 22 73 
0 83 22 79 
0 69 20 48 
0 73 34 99 
0 24 89 85 
0 25 99 92 
0 0 10 79 
0 72 55 39 
0 18 44 9 
0 76 48 26 
0 23 67 58 
0 23 86 16 
0 56 50 87 
0 71 21 10 
0 79 75 54 
0 31 38 90 
0 48 26 74 
0 92 9 55 
0 29 81 46 
0 5 13 35 
0 71 18 75 
0 87 96 5 
0 19 72 31 
0 98 75 23 
0 38 1 20 
0 17 48 24 
0 15 68 44 
0 82 38 50 
0 70 61 65 
0 12 26 0 
0 76 92 97 
0 99 23 19 
0 73 9 5 
0 19 25 80 
0 99 62 50 
0 50 68 42 
0 14 34 62 
0 2 66 44 
0 69 45 16 
0 19 82 99 
0 38 79 69 
0 63 91 50 
0 69 77 70 
0 49 89 75 
0 32 76 49 
0 90 97 40 
0 30 70 1 
0 71 84 65 
0 97 76 49 
0 30 80 95 
0 56 79 1 
0 74 78 61 
0 14 53 60 
0 98 60 32 
0 97 84 9 
0 63 0 46 
0 27 94 98 
0 99 41 4 
0 68 51 49 
0 73 20 13 
0 91 48 73 
0 91 89 48 
0 54 72 31 
0 85 75 30 
0 16 61 94 
0 83 96 66 
0 38 45 57 
0 15 91 2 
0 73 92 18 
0 50 45 20 
0 95 81 72 
0 33 57 56 
0 2 84 75 
0 42 89 59 
0 32 56 37 
0 33 84 98 
0 68 14 8 
0 80 39 36 
0 59 94 3 
0 99 71 0 
0 50 50 41 
0 0 0 59 
0 89 40 94 
0 30 37 11 
0 1 61 54 
0 78 70 3 
0 96 53 10 
0 10 25 68 
0 24 53 57 
0 39 23 46 
0 36 37 80 
0 74 86 94 
0 89 86 49 
0 61 49 96 
0 97 0 32 
0 67 40 55 
0 73 21 66 
0 25 61 17 
0 80 80 52 
0 31 15 66 
0 41 11 77 
0 59 46 23 
0 9 7 12 
0 86 73 76 
0 56 12 4 
0 64 98 6 
0 15 13 31 
0 57 45 68 
0 10 79 43 
0 47 81 97 
0 55 44 53 
0 46 53 34 
0 96 13 18 
0 9 61 64 
0 38 39 35 
0 59 30 74 
0 43 25 33 
0 32 71 74 
0 36 86 38 
0 61 76 38 
0 77 49 23 
0 99 94 93 
0 29 32 64 
0 2 7 1 
0 18 3 36 
0 21 92 16 
0 93 3 87 
0 21 0 14 
0 78 89 60 
0 7 39 48 
0 23 23 30 
0 51 33 25 
0 94 91 78 
0 22 0 66 
0 43 7 64 
0 11 1 2 
0 48 6 95 
0 85 51 99 
0 28 37 76 
0 67 35 38 
0 48 33 78 
0 21 40 77 
0 57 17 59 
0 28 64 88 
0 64 83 16 
0 61 27 55 
0 72 26 37 
0 60 21 31 
0 98 60 5 
0 5 75 13 
0 52 58 57 
0 9 87 29 
0 98 52 68 
0 32 91 40 
0 59 5 14 
0 7 18 30 
0 73 64 31 
0 21 90 26 
0 65 67 75 
0 75 98 37 
0 34 59 91 
0 18 10 75 
0 17 77 71 
0 5 48 35 
0 72 20 75 
0 62 51 12 
0 40 51 37 
0 26 91 9 
0 43 57 89 
0 74 26 88 
0 45 5 28 
0 18 69 14 
0 28 89 80 
0 26 2 59 
0 32 99 31 
0 78 11 32 
0 65 68 62 
0 30 92 33 
0 82 65 62 
0 62 63 75 
0 69 14 87 
0 58 22 62 
0 10 52 8 
0 38 12 43 
0 68 44 24 
0 9 90 1 
0 78 98 99 
0 7 30 97 
0 47 79 21 
0 95 26 64 
0 34 98 73 
0 42 8 57 
0 73 60 90 
0 27 99 82 
0 90 8 56 
0 46 80 71 
0 61 17 64 
0 10 57 40 
0 12 63 58 
0 60 45 20 
0 92 7 3 
0 4 52 51 
0 45 9 69 
0 12 95 41 
0 36 98 44 
0 66 39 9 
0 41 38 24 
0 30 70 81 
0 17 49 42 
0 58 46 3 
0 81 33 70 
0 87 99 55 
0 33 31 13 
0 58 87 66 
0 24 87 25 
0 54 70 90 
0 51 59 63 
0 97 77 2 
0 99 8 98 
0 35 7 83 
0 1 20 62 
0 91 34 82 
0 57 8 10 
0 25 89 27 
0 4 17 52 
0 22 40 37 
0 60 5 95 
0 90 26 23 
0 37 57 20 
0 65 84 40 
0 25 51 87 
0 92 57 15 
0 80 15 67 
0 29 34 30 
0 76 71 24 
0 81 23 34 
0 79 48 94 
0 56 49 29 
0 54 64 16 
0 67 77 3 
0 61 41 2 
0 43 13 87 
0 27 12 51 
0 79 6 8 
0 35 14 32 
0 61 52 24 
0 85 39 26 
0 84 60 94 
0 24 46 83 
0 32 48 30 
0 14 51 92 
0 64 27 79 
0 69 19 34 
0 44 8 3 
0 31 23 91 
0 48 58 70 
0 14 16 49 
0 84 19 0 
0 18 95 9 
0 49 75 9 
0 86 27 15 
0 7 56 11 
0 15 54 58 
0 52 62 99 
0 73 99 98 
0 21 92 64 
0 34 68 99 
0 15 68 72 
0 95 65 97 
0 31 76 65 
0 29 41 39 
0 15 92 78 
0 17 57 24 
0 55 78 24 
0 29 20 48 
0 74 99 14 
0 16 46 97 
0 87 52 88 
0 78 12 29 
0 57 15 40 
0 73 44 42 
0 47 20 71 
0 37 83 0 
0 76 58 69 
0 52 38 53 
0 71 5 42 
0 20 81 31 
0 63 32 0 
0 35 82 65 
0 70 43 94 
0 54 21 31 
0 58 84 64 
0 18 18 62 
0 63 4 95 
0 16 52 58 
0 89 45 67 
0 28 16 3 
0 91 0 61 
0 95 81 90 
0 36 67 18 
0 20 98 49 
0 7 75 55 
0 51 85 80 
0 3 70 2 
0 75 62 22 
0 98 21 1 
0 53 33 2 
0 87 91 67 
0 86 43 52 
0 92 21 61 
0 71 78 41 
0 48 25 47 
0 10 44 10 
0 99 71 10 
0 18 89 92 
0 3 74 10 
0 1 34 34 
0 27 29 94 
0 80 77 56 
0 46 48 84 
0 7 32 49 
0 26 83 70 
0 76 2 20 
0 21 35 82 
0 60 20 10 
0 6 7 45 
0 8 60 11 
0 14 51 29 
0 19 12 42 
0 36 25 7 
0 21 56 22 
0 55 18 12 
0 49 77 99 
0 22 89 54 
0 81 64 52 
0 82 17 60 
0 15 87 91 
0 23 85 54 
0 37 29 75 
0 9 97 99 
0 64 46 55 
0 80 15 29 
0 30 52 57 
0 32 95 46 
0 87 99 80 
0 16 91 46 
0 53 21 23 
0 7 23 97 
0 14 38 5 
0 43 4 36 
0 93 33 21 
0 68 77 53 
0 11 80 83 
0 80 43 82 
0 82 92 19 
0 37 85 39 
0 24 79 65 
0 70 65 59 
0 50 50 85 
0 21 71 6 
0 56 88 1 
0 17 71 58 
0 36 55 49 
0 42 52 11 
0 98 38 35 
0 2 98 99 
0 81 92 14 
0 54 4 97 
0 16 16 84 
0 77 99 30 
0 51 58 22 
0 88 88 55 
0 25 66 25 
0 33 81 23 
0 73 76 9 
0 2 9 93 
0 71 2 95 
0 89 4 85 
0 97 3 74 
0 3 64 68 
0 47 51 22 
0 33 10 89 
0 31 40 1 
0 3 6 42 
0 85 62 51 
0 83 16 58 
0 75 25 99 
0 39 95 66 
0 89 27 62 
0 45 11 67 
0 69 33 9 
0 10 37 95 
0 16 34 81 
0 41 68 48 
0 24 57 24 
0 60 72 76 
0 60 64 74 
0 73 32 36 
0 23 57 18 
0 31 73 60 
0 52 49 27 
0 5 31 50 
0 0 99 22 
0 46 24 14 
0 96 10 42 
0 69 52 57 
0 44 82 37 
0 47 60 41 
0 50 53 6 
0 35 93 71 
0 73 52 20 
0 45 12 1 
0 62 11 64 
0 21 39 93 
0 73 3 94 
0 63 66 2 
0 22 38 28 
0 30 70 33 
0 38 22 66 
0 72 52 5 
0 12 70 50 
0 83 90 48 
0 96 4 3 
0 17 58 7 
0 34 38 72 
0 45 71 82 
0 89 52 6 
0 15 10 12 
0 88 91 88 
0 94 96 53 
0 36 80 70 
0 67 86 67 
0 17 75 70 
0 98 11 47 
0 84 76 46 
0 24 75 22 
0 10 5 27 
0 35 54 86 
0 67 48 15 
0 21 53 86 
0 16 82 17 
0 80 48 46 
0 33 93 62 
0 68 37 6 
0 40 72 95 
0 76 71 15 
0 22 27 32 
0 73 9 60 
0 2 98 62 
0 43 1 65 
0 28 45 19 
0 45 56 8 
0 59 2 19 
0 25 91 85 
0 92 27 67 
0 30 75 51 
0 8 8 68 
0 55 40 75 
0 19 47 61 
0 57 51 83 
0 37 7 62 
0 47 63 15 
0 99 59 57 
0 87 9 54 
0 69 86 83 
0 76 73 64 
0 9 55 37 
0 46 39 34 
0 69 80 11 
0 72 32 6 
0 0 25 38 
0 70 69 45 
0 1 12 5 
0 31 78 93 
0 36 32 68 
0 94 93 77 
0 65 98 4 
0 56 96 44 
0 8 74 40 
0 75 37 10 
0 66 93 34 
0 49 67 28 
0 48 89 98 
0 22 82 87 
0 51 13 20 
0 13 18 49 
0 99 7 25 
0 87 60 74 
0 40 10 94 
0 64 80 44 
0 64 98 26 
0 44 20 16 
0 32 43 10 
0 50 50 23 
0 39 74 94 
0 24 73 42 
0 86 21 12 
0 24 36 62 
0 42 75 88 
0 12 29 76 
0 47 96 89 
0 95 47 9 
0 65 73 77 
0 72 68 97 
0 14 97 11 
0 75 64 14 
0 33 86 79 
0 49 93 81 
0 88 79 1 
0 2 94 90 
0 32 53 59 
0 59 46 71 
0 1 55 51 
0 82 54 13 
0 24 12 74 
0 99 50 44 
0 31 3 54 
0 99 76 64 
0 10 73 28 
0 46 79 2 
0 9 79 71 
0 76 34 58 
0 6 40 20 
0 76 56 13 
0 65 3 13 
0 97 96 31 
0 90 79 26 
0 3 90 99 
0 95 80 37 
0 68 14 45 
0 35 22 65 
0 60 51 27 
0 76 84 53 
0 36 96 59 
0 76 46 25 
0 87 73 82 
0 82 78 15 
0 63 7 99 
0 93 28 25 
0 53 64 99 
0 48 34 48 
0 14 21 62 
0 97 28 18 
0 84 50 75 
0 44 43 57 
0 45 13 9 
0 26 4 22 
0 20 72 6 
0 79 11 88 
0 89 16 63 
0 75 14 15 
0 1 72 64 
0 36 86 84 
0 49 97 57 
0 60 19 20 
0 90 55 42 
0 73 29 71 
0 36 36 21 
0 19 93 50 
0 60 52 75 
0 94 31 94 
0 39 68 97 
0 65 51 98 
0 29 72 50 
0 36 51 32 
0 53 32 97 
0 25 23 2 
0 31 64 73 
0 64 38 84 
0 87 70 35 
0 59 74 86 
0 81 56 63 
0 85 65 37 
0 75 87 38 
0 99 58 11 
0 97 72 82 
0 53 68 27 
0 8 6 69 
0 14 80 72 
0 42 11 88 
0 16 53 17 
0 88 38 38 
0 20 14 2 
0 7 24 44 
0 9 73 15 
0 62 49 21 
0 82 60 65 
0 9 14 43 
0 26 88 47 
0 22 41 9 
0 47 19 6 
0 8 18 75 
0 84 18 41 
0 97 8 68 
0 90 74 24 
0 26 20 52 
0 7 28 80 
0 45 75 22 
0 70 63 27 
0 42 35 93 
0 97 84 15 
0 64 15 10 
0 82 21 58 
0 97 96 64 
0 98 56 56 
0 36 53 46 
0 64 12 89 
0 45 75 77 
0 13 10 89 
0 49 82 20 
0 87 51 29 
0 90 51 3 
0 16 53 91 
0 81 87 25 
0 92 67 81 
0 14 41 84 
0 29 81 43 
0 46 56 69 
0 87 39 60 
0 93 25 90 
0 48 2 7 
0 62 16 66 
0 40 33 36 
0 50 53 46 
0 80 81 13 
0 35 59 62 
0 83 73 18 
0 90 40 35 
0 69 78 47 
0 14 88 23 
0 17 1 44 
0 87 12 59 
0 98 71 21 
0 62 78 79 
0 47 21 50 
0 60 45 60 
0 99 84 12 
0 13 53 38 
0 76 53 72 
0 22 77 17 
0 77 68 30 
0 55 7 75 
0 59 1 55 
0 72 36 87 
0 38 21 62 
0 72 97 66 
0 61 3 86 
0 65 72 82 
0 98 49 29 
0 81 74 5 
0 79 40 36 
0 11 59 77 
0 40 53 61 
0 98 36 37 
0 6 5 4 
0 60 37 97 
0 81 83 45 
0 8 82 10 
0 32 96 71 
0 83 71 95 
0 83 44 96 
0 15 75 79 
0 10 32 82 
0 78 67 92 
0 18 54 61 
0 26 85 40 
0 74 72 55 
0 93 42 38 
0 1 60 30 
0 0 15 36 
0 22 25 90 
0 7 25 60 
0 81 89 87 
0 26 56 66 
0 24 68 71 
0 68 24 88 
0 19 71 31 
0 69 92 47 
0 71 8 98 
0 37 33 18 
0 82 78 25 
0 84 69 76 
0 4 53 32 
0 62 4 15 
0 72 70 64 
0 49 93 46 
0 39 67 71 
0 68 91 45 
0 37 98 89 
0 83 57 59 
0 21 23 1 
0 96 71 86 
0 70 7 30 
0 92 24 44 
0 15 76 72 
0 15 33 93 
0 20 5 93 
0 36 6 25 
0 44 86 95 
0 98 72 28 
0 7 32 45 
0 58 1 23 
0 4 92 99 
0 80 84 44 
0 48 37 2 
0 89 92 63 
0 98 63 77 
0 17 20 60 
0 16 34 25 
0 49 35 40 
0 26 4 89 
0 13 37 21 
0 24 53 6 
0 55 45 65 
0 9 5 70 
0 83 72 5 
0 25 53 51 
0 42 94 5 
0 90 55 67 
0 80 7 91 
0 75 50 40 
0 24 59 23 
0 5 57 63 
0 51 3 26 
0 10 7 45 
0 57 11 80 
0 87 44 48 
0 88 13 75 
0 24 33 9 
0 99 43 59 
0 86 11 7 
0 61 54 77 
0 26 12 96 
0 87 50 75 
0 70 25 76 
0 77 42 81 
0 2 49 5 
0 67 60 31 
0 57 80 22 
0 78 76 44 
0 38 4 57 
0 26 11 8 
0 97 96 25 
0 58 91 9 
0 47 11 4 
0 99 48 78 
0 20 30 11 
0 43 48 82 
0 85 14 55 
0 38 0 2 
0 37 1 39 
0 9 16 78 
0 63 75 81 
0 14 68 55 
0 51 81 19 
0 94 96 57 
0 26 39 54 
0 95 60 49 
0 45 28 78 
0 80 73 70 
0 50 34 74 
0 9 99 55 
0 84 92 6 
0 98 32 48 
0 16 0 17 
0 69 84 22 
0 11 44 92 
0 73 57 89 
0 38 34 98 
0 25 80 35 
0 53 63 70 
0 84 11 70 
0 27 41 72 
0 46 92 35 
0 17 14 96 
0 53 26 47 
0 90 98 30 
0 50 1 17 
0 20 38 78 
0 19 75 29 
0 72 59 37 
0 89 1 44 
0 51 4 35 
0 6 60 90 
0 6 65 52 
0 97 72 63 
0 60 42 57 
0 87 33 63 
0 7 24 73 
0 85 24 93 
0 18 25 95 
0 58 55 78 
0 57 16 70 
0 14 27 8 
0 12 41 36 
0 82 88 44 
0 42 10 90 
0 0 79 73 
0 8 17 15 
0 67 14 34 
0 29 43 91 
0 42 79 35 
0 62 20 3 
0 51 64 15 
0 4 59 17 
0 89 90 32 
0 22 34 57 
0 8 58 76 
0 65 76 98 
0 81 93 56 
0 66 81 39 
0 54 54 78 
0 98 34 66 
0 8 16 80 
0 1 16 75 
0 29 48 43 
0 59 2 18 
0 89 89 17 
0 51 1 37 
0 15 3 88 
0 66 37 9 
0 89 80 52 
0 91 91 86 
0 25 92 74 
0 85 55 61 
0 86 85 89 
0 56 46 75 
0 93 13 59 
0 1 90 65 
0 9 58 3 
0 49 13 10 
0 15 45 22 
0 99 46 16 
0 57 94 2 
0 3 84 24 
0 3 57 58 
0 69 60 64 
0 65 20 40 
0 20 91 37 
0 44 89 37 
0 70 15 73 
0 61 88 30 
0 93 72 27 
0 26 16 42 
0 83 4 69 
0 55 6 72 
0 10 6 70 
0 40 98 9 
0 24 41 18 
0 60 85 28 
0 36 21 77 
0 80 60 49 
0 19 4 25 
0 26 46 18 
0 97 3 8 
0 67 8 61 
0 53 62 90 
0 98 58 3 
0 17 80 33 
0 68 66 8 
0 84 81 13 
0 94 23 2 
0 20 78 68 
0 38 70 14 
0 77 29 2 
0 14 77 0 
0 24 33 6 
0 17 54 49 
0 62 13 71 
0 3 41 67 
0 28 28 96 
0 38 75 56 
0 38 60 48 
0 41 13 82 
0 43 51 62 
0 35 97 19 
0 29 45 11 
0 9 60 56 
0 33 10 26 
0 18 92 55 
0 73 45 97 
0 92 79 1 
0 77 51 97 
0 30 47 75 
0 81 53 14 
0 80 12 46 
0 37 20 21 
0 2 34 95 
0 82 23 35 
0 77 69 22 
0 43 64 64 
0 95 16 58 
0 70 92 4 
0 6 8 39 
0 10 3 86 
0 15 97 83 
0 63 70 26 
0 5 71 78 
0 47 55 34 
0 59 13 83 
0 30 76 66 
0 51 84 35 
0 5 72 93 
0 53 80 78 
0 66 6 71 
0 22 52 81 
0 49 18 1 
0 25 6 61 
0 59 17 74 
0 72 42 75 
0 66 2 95 
0 31 12 82 
0 41 6 1 
